20
30
68
41
54
94
15
19
8
5
x
82
91
9
76
16
1
x
38
95
71
4
8
12
17
9
2
6
19
11
13
10
4
16
18
15
14
3
x
84
57
87
97
14
12
7
9
1
5
16
8
17
2
10
15
13
18
x
77
100
39
35
4
6
8
11
10
9
14
12
18
20
16
1
5
17
15
13
7
3
2
19
x
15
78
80
69
13
11
20
19
2
7
14
15
12
3
1
5
10
6
18
16
x
35
36
44
23
6
5
12
4
17
11
10
20
18
7
14
19
1
13
15
2
16
8
x
14
49
6
30
14
18
1
2
8
3
20
7
19
4
11
x
91
86
62
100
10
15
1
18
3
4
7
5
x
8
26
23
78
13
6
1
2
5
4
14
8
9
11
12
15
7
18
19
20
16
17
10
x
36
79
84
72
15
8
9
1
16
10
17
7
20
6
13
11
18
3
2
14
x
17
83
22
4
1
15
8
7
10
x
93
16
23
61
11
17
16
12
6
2
1
4
3
5
x
43
5
48
97
3
6
17
11
5
x
79
82
40
4
12
13
x
69
84
76
36
4
12
13
9
16
x
35
70
7
95
20
11
19
4
5
2
14
17
9
8
x
61
37
53
19
13
5
19
11
15
14
12
x
24
54
48
51
10
11
14
15
4
19
3
1
8
7
18
13
9
12
16
x
24
91
53
83
13
8
x
76
66
57
27
6
2
4
8
14
9
15
11
16
13
5
17
3
20
x
17
39
63
40
14
1
8
9
3
4
17
20
15
12
19
5
13
10
16
7
6
x
3
76
89
96
10
2
11
19
4
1
14
12
5
7
18
20
6
15
9
16
13
x
18
10
26
6
7
3
2
8
15
12
1
16
4
14
13
10
20
19
18
x
27
38
47
18
7
12
x
34
50
43
52
2
4
18
7
14
11
19
16
20
9
5
3
15
17
12
x
56
77
19
44
2
5
19
x
37
9
20
37
1
4
7
16
11
13
3
18
19
8
20
14
6
9
15
10
17
12
x
57
44
24
13
18
1
7
4
16
17
x
42
40
21
58
2
13
16
8
14
18
1
11
10
17
20
5
7
9
4
15
3
19
6
x
